smiles_list,monomer_ID,replicate_count,observed_standardized,predicted_standardized,observed,predicted,residual
*CC(*)CCCCCCCCCCC,PI63,1,-0.9906453876653888,-0.886225,1.0114352447886987,1.0407796,0.029344345817990725
*c1cccc(P(=O)(c2ccc(C(F)(F)F)cc2)c2cccc(-n3c(=O)c4c(-c5ccccc5)c5c(=O)n(*)c(=O)c5c(-c5ccccc5)c4c3=O)c2)c1,PI1058,5,-0.3908049014744883,-0.27020317,1.1800029661680196,1.2138946,0.033891639468577095
*CC(*)CCCCCCCCCCCCCC,PI56,1,-0.9791753820664564,-0.84302634,1.014658556239878,1.0529193,0.038260712368215266
*CC(*)CCCN(CC(C)C)CC(C)C,PI266,1,-0.9244548309435712,-0.77567893,1.0300361755032597,1.0718453,0.04180911754178429
*CC(*)C(=O)OCC=C,PI427,2,0.3127579966195569,0.5903899,1.3777188544900367,1.4557393,0.0780204052298119
*c1cccc(P(=O)(c2ccc(C(F)(F)F)cc2)c2cccc(-n3c(=O)c4c(-c5ccc(C(F)(F)F)cc5)c5c(=O)n(*)c(=O)c5c(-c5ccc(C(F)(F)F)cc5)c4c3=O)c2)c1,PI1055,5,-0.3845585870938915,-0.40823445,1.181758311141218,1.175105,-0.0066533354408395695
*CC(*)Cc1cc(C)ccc1C,PI291,1,-0.9271858005675638,-0.83618057,1.0292687159248042,1.0548432,0.025574471407349142
*CC(*)c1cccc2ccccc12,PI217,2,-0.8909852097886028,-0.77220887,1.0394418390144862,1.0728205,0.03337870522837272
*CC(*)c1ccc(Cl)c(F)c1,PI209,2,-0.3168543656009082,-0.26185906,1.2007846133124938,1.2162395,0.015454839049566793
*CC(*)OC(C)CC,PI277,1,-0.6637124450059732,-0.562844,1.1033102389857308,1.1316564,0.02834616932420575
*C1Cc2ccccc2C1*,PI386,1,-0.938682880061965,-0.85861623,1.0260377961427884,1.0485382,0.02250041186502405
*CC(*)c1ccccc1COC,PI85,2,1.4398683903119611,1.2729051,1.6944604469326845,1.6475403,-0.046920116045843674
*CC/C=C(\*)C(C)(C)C,PI81,1,-0.9102002462683112,-0.8493339,1.0340420119101614,1.0511467,0.017104733771601266
*CC(*)CCCC(C)(C)C,PI41,1,-0.9622961301036184,-0.9101907,1.0194019790455495,1.0340447,0.014642763538678993
*CC(*)C(=O)OC1CC2CCC1(C)C2(C)C,PI428,1,-0.4729505799871392,-0.3491773,1.15691831255291,1.1917012,0.03478286122943852
*CC(*)C(=O)O,PI410,2,1.2940299437749712,0.7640184,1.6534767934644914,1.5045325,-0.14894433706648114
*CC(*)OC(=O)c1ccc(OC(C)=O)cc1,PI332,1,2.352673245941854,2.0100636,1.9509777013024432,1.8546972,-0.09628047382441585
*CCCCCCCCCCN1C(=O)C2C3C=CC(C4C(=O)N(*)C(=O)C34)C2C1=O,PI1080,3,0.0994459012859818,0.31718317,1.3177736946003362,1.3789624,0.0611887029750422
*CC(*)CCC1CCCCC1,PI42,1,-0.9887334102005352,-0.93366957,1.0119725504424495,1.0274467,0.015474196383722383
*C(c1ccccc1)C(*)[N+](=O)[O-],PI222,1,0.9599045682021964,0.7506505,1.5595805751999117,1.5007758,-0.05880476114351518
*CC(*)c1ccc(Cl)c(C)c1,PI207,2,-0.6824943528936254,-0.56896305,1.0980321300740057,1.1299368,0.03190468423416082
*c1ccc(Oc2cccc(Oc3ccc(N4C(=O)c5ccc(C(=O)c6ccc7c(c6)C(=O)N(*)C7=O)cc5C4=O)cc3)c2)cc1,PI965,4,-0.0617416277421526,0.15370786,1.2724766279492057,1.3330225,0.06054584729340906
*CC(*)OC(=O)CCCCCCCCC,PI384,1,-0.30572049511849,-0.19965637,1.2039134637661733,1.2337197,0.029806242769166102
*CC(*)c1cc(C)c(C)cc1C,PI211,1,-0.9180043408915436,-0.7989835,1.0318488981101566,1.0652963,0.03344739419483611
*CC*,PI1,1,-1.0197569446142027,-0.7516232,1.003254288461746,1.0786055,0.07535124418443329
*CC(*)c1ccccc1C(=O)OCCCC,PI102,1,-0.3222974430557018,-0.14738528,1.1992549947139357,1.248409,0.049154038107719566
*CC(*)CCN(C(C)C)C(C)C,PI264,2,-0.6525421116353463,-0.7999641,1.1064493362735632,1.0650207,-0.041428655846011964
*CC(*)OC(=O)CC(C)(C)c1ccccc1,PI363,1,-0.4400624597965504,-0.23937815,1.1661605621319298,1.2225571,0.05639650573916399
*CC(*)P(=O)(Oc1ccccc1)N(C)C,PI382,1,-0.1040721894603291,0.096647814,1.2605808548265012,1.3169874,0.056406540460058885
*CC(*)CCCCCCCCC,PI64,3,-0.9924670470945944,-0.90259796,1.0109233203918306,1.0361785,0.02525514926606731
*c1ccc(Oc2ccc(Oc3ccc(N4C(=O)C5CCC6C(=O)N(*)C(=O)C6C5C4=O)cc3)cc2)cc1,PI1067,3,-0.1313252524212331,0.3305468,1.2529221741777516,1.3827178,0.12979567364634503
*CC(*)c1ccccc1C(=O)N(C)C,PI95,1,-0.0607420620009755,0.16220069,1.2727575268268874,1.3354092,0.06265163760182357
*C(F)(F)C(*)(F)OC(F)(F)C(F)(F)C(F)(F)C(F)(F)F,PI310,1,-0.8363189854084325,-0.604246,1.054804191327003,1.1200216,0.06521739032277729
*CC(*)c1cc(C)ccc1C,PI192,1,-0.9170928430494386,-0.79354674,1.0321050480663916,1.0668241,0.034719030493483904
*CC(*)c1ccc(COC(C)CC)cc1,PI152,1,0.1752413680341879,0.0735008,1.3390738059045288,1.3104826,-0.028591184711596718
*CC(*)c1ccc(COC)cc1,PI147,2,3.097641479499111,1.4772993,2.1603293548198073,1.7049794,-0.4553499351115553
*CC(*)OC(=O)C(C)(C)CC(C)(C)C,PI367,1,-0.6259425594895551,-0.46529526,1.1139243667160723,1.1590697,0.04514529060967232
*CC(*)C(=O)OCCc1ccccc1,PI474,1,-0.390528886551879,-0.15282089,1.180080532133709,1.2468815,0.06680095285164267
*CC(*)c1cc(Br)ccc1OCCCC,PI198,2,-0.5294342943748548,-0.40469846,1.141045207538209,1.1760986,0.03505337759057525
*CC(*)c1ccccc1,PI82,1,-0.9285568663326228,-0.7429384,1.0288834177710486,1.0810461,0.05216268666010371
*Cc1cccc(COC(=O)Nc2ccc(Cc3ccc(NC(=O)O*)cc3)cc2)c1,PI660,4,0.4589268299419966,0.51733124,1.4187953535544828,1.4352082,0.0164128478539034
*c1ccc(-c2ccc(N3C(=O)c4ccc(-c5cccc6c5C(=O)N(*)C6=O)cc4C3=O)c(C)c2)cc1C,PI1104,2,-0.2708184878304552,0.11385772,1.2137216577369885,1.3218237,0.10810205842664677
*CC(*)CCCCCCCCCCCCCCCC,PI33,2,-0.9871406904929336,-0.8130782,1.0124201379896176,1.0613353,0.04891518725147126
*c1ccc(Oc2c(C)cc(C(c3cc(C)c(Oc4ccc(-n5c(=O)c6cc7c(=O)n(*)c(=O)c7cc6c5=O)cc4)c(C)c3)c3cccc4ccccc34)cc2C)cc1,PI1004,5,-0.5476280844493618,-0.5032362,1.135932372031575,1.1484075,0.01247508722745816
*c1ccc(Oc2ccc(C(C)(C)c3ccc(Oc4ccc(N5C(=O)C6CCC7C(=O)N(*)C(=O)C7C6C5=O)cc4)cc3)cc2)cc1,PI1068,5,-0.2898805813084872,-0.029984921,1.2083648108147071,1.2814009,0.07303610814586414
*CC(*)c1ccc(Br)cc1,PI136,1,-0.6250041303310965,-0.680395,1.1141880849354306,1.0986221,-0.015566001271490215
*CC(*)c1ccc(C(=O)OCCN(C)C)cc1,PI109,1,0.5620843522271305,0.2209647,1.447784774700703,1.351923,-0.09586178580910154
*CC(*)OC(F)(C(F)(F)F)C(F)(F)F,PI371,1,-0.557343029780909,-0.5071288,1.1332022692199712,1.1473136,0.014111325598143987
*CC(C)C(*)(C)C,PI16,2,-0.9506872278448404,-0.8967738,1.0226643233629598,1.0378151,0.015150770631180865
*CC(*)CC1CCCCC1,PI25,1,-1.0053152393476783,-0.9238169,1.007312709668138,1.0302155,0.022902792117140303
*CC(*)C(=O)OC,PI411,1,0.9899425724686444,0.9908334,1.568021882598369,1.5682722,0.00025035041096943544
*CC(*)(C)C(=O)OC1CCCCC1,PI448,1,-0.6360583961803478,-0.445571,1.111081605048482,1.1646125,0.053530926613505336
*CC(*)c1ccc(OC)cc1,PI178,1,0.6771224110351657,0.5488919,1.4801128750733734,1.4440775,-0.03603538331311951
*CC(*)C(=O)Oc1ccc(C(=O)OC)cc1,PI469,2,1.191726462170085,1.4337968,1.6247273756103944,1.6927543,0.06802689303584586
*CC(*)C1CC=CCC1,PI67,3,-0.9824309757969716,-0.88754785,1.0137436663157673,1.0404079,0.02666422972610283
*c1cccc(P(=O)(c2ccccc2)c2cccc(-n3c(=O)c4cc5c(=O)n(*)c(=O)c5cc4c3=O)c2)c1,PI1011,5,0.026056535108897,0.2001002,1.2971497478765956,1.3460597,0.04890993210845074
*CC(*)CCc1ccc(C)cc1,PI282,1,-0.932106955323726,-0.85964656,1.0278857685197882,1.0482486,0.020362880123705462
*CC(*)C(=O)OCC(F)(F)C(F)C(F)(F)F,PI435,1,0.8207857793969603,1.4529297,1.5204852860858549,1.698131,0.17764567914699425
*CC(*)c1ccc(CCCCCCCCCCCC)cc1,PI128,2,-0.9628137163417664,-0.71491003,1.019256526488094,1.0889227,0.06966621254083671
*Oc1ccc(Oc2ccc(Oc3ccc(S(=O)(=O)c4ccc(*)cc4)cc3)cc2)cc1,PI546,1,-0.2477313538152757,0.26386976,1.2202096252278645,1.3639803,0.1437706680460613
*CC(*)C(=O)Oc1ccc(C#N)cc1,PI476,2,0.7881297099493073,0.8793013,1.5113082476185915,1.5369294,0.025621121354186815
*/C=C/C(C*)OC,PI279,3,1.2963120588431774,0.73130345,1.6541181155256544,1.4953389,-0.1587791987470899
*CC(*)OC(=O)C1CCCC1,PI378,1,-0.1446024934940215,0.037656497,1.2491909917628128,1.3004096,0.05121856367236788
*CC(*)CCCCCCCCCCCCC,PI61,1,-0.972507607071414,-0.8583758,1.0165323404599491,1.0486058,0.03207345921503868
*CC(*)c1ccc(Cl)c(Cl)c1,PI208,1,-0.2670347820613334,-0.27539048,1.214784958188615,1.2124369,-0.0023480437446452562
*CC(*)OCC,PI254,1,-0.0474490476706322,-0.0012196451,1.276493141857073,1.2894846,0.01299147823722624
*CC(*)C1CCCCC1,PI24,1,-1.0200688884317168,-0.9215209,1.0031666257251897,1.0308607,0.027694036735137484
*CC(*)CCCCCCCC,PI12,1,-0.9831417252589948,-0.9010209,1.013543930852685,1.0366216,0.023077639734473188
*CC(*)OC(=O)c1cccc([N+](=O)[O-])c1,PI369,2,1.0826697765587074,1.3591912,1.59408016619739,1.6717885,0.07770828785839612
*c1c(C)cc(C(c2cc(C)c(N3C(=O)c4ccc(-c5ccc6c(c5)C(=O)N(*)C6=O)cc4C3=O)c(C)c2)c2cccc3ccccc23)cc1C,PI1001,5,-0.5275638160038086,-0.23654701,1.1415708510787088,1.2233527,0.08178181959084685
*CC(*)c1ccc(Oc2ccccc2)cc1,PI183,1,-0.2947055521182821,-0.4360937,1.2070088931101626,1.1672759,-0.039732987501031714
*c1ccc(N2C(=O)c3ccc(Oc4ccc(C(C)(C)c5cccc(Oc6ccc7c(c6)C(=O)N(*)C7=O)c5)cc4)cc3C2=O)cc1,PI1079,4,-0.2410078968040029,-0.06385656,1.2220990572590018,1.2718823,0.0497832383495187
*CC(*)C(=O)Oc1cccc(C(=O)OC)c1,PI467,3,1.1054264172215549,1.2593362,1.6004752581444903,1.6437272,0.04325192519748966
*CC(*)c1cc(Cl)ccc1Cl,PI195,2,-0.9300031913369402,-0.4743091,1.028476970197128,1.1565366,0.12805960893495216
*C(F)C(*)(F)OC(F)(F)F,PI314,1,-0.4960636926736086,-0.41677862,1.1504230445120969,1.1727039,0.02228081767814971
*CC(*)c1ccc(C(=O)CCC)cc1,PI168,2,2.048173793185467,1.3789297,1.8654069869307912,1.6773355,-0.18807148621362813
*CC(*)c1ccc(I)cc1,PI176,1,-0.7346631399956556,-0.6008431,1.0833716098667825,1.1209779,0.03760626870377415
*c1ccc(Oc2ccccc2Oc2ccc(N3C(=O)c4ccc(Oc5ccccc5Oc5ccc6c(c5)C(=O)N(*)C6=O)cc4C3=O)cc2C(F)(F)F)c(C(F)(F)F)c1,PI1073,5,-0.0326683358155916,-0.36380813,1.2806468310046502,1.1875896,-0.09305718561890797
*CC(*)c1ccc(C(C)CC)cc1,PI123,1,-0.9567006113436876,-0.7174128,1.0209744368389313,1.0882194,0.06724496738164976
*c1ccc2c(c1)C(=O)N(c1ccc3c(c1)-c1cc(N4C(=O)c5ccc(C(*)(C(F)(F)F)C(F)(F)F)cc5C4=O)ccc1C3)C2=O,PI959,5,-0.3988601189617949,-0.06693417,1.1777392815913537,1.2710174,0.09327815062147593
*CC(*)OC(C)C,PI274,1,-0.1724375652823863,-0.3558238,1.2413687544617094,1.1898334,-0.051535351828042364
*c1ccc(Oc2cc(C(C)(C)C)ccc2Oc2ccc(-n3c(=O)c4cc5c(=O)n(*)c(=O)c5cc4c3=O)cc2)cc1,PI1032,3,-0.2904841623119604,-0.03366387,1.2081951919297442,1.2803671,0.07217194407184269
*c1ccc(C(C)(C)c2ccc(N3C(=O)c4ccc(Oc5ccc6c(c5)C(=O)N(*)C6=O)cc4C3=O)cc2)cc1,PI985,4,-0.2786773407193864,0.11555229,1.2115131557191356,1.3223,0.11078680155625498
*CC(*)Cc1cc(C)cc(C)c1,PI293,2,-0.8966406928133889,-0.86319363,1.037852530008618,1.0472519,0.009399409764941469
*CC(*)c1ccccc1C(=O)O,PI97,1,0.1681989697711922,0.32752758,1.3370947447114818,1.3818694,0.04477469059888195
*CC(C)O*,PI525,1,0.0920042727547162,-0.20131332,1.315682441352606,1.2332541,-0.08242836630225203
*CC(*)CCCCCCC,PI11,1,-0.979857064564611,-0.89470744,1.0144669892015346,1.0383959,0.02392889245129748
*C(C)C(*)O,PI297,2,3.998703103851854,2.463561,2.4135465156087044,1.9821396,-0.4314069282063606
*CC(*)CCCCCCCCCCCC,PI32,2,-0.98976393135691,-0.8734381,1.0116829524457114,1.044373,0.03269008298519682
*C([2H])([2H])C(*)([2H])c1c([2H])c([2H])c([2H])c([2H])c1[2H],PI240,2,-0.917555699733233,-0.74477017,1.0319749756582954,1.0805314,0.048556383060576636
*C(C)C(*)OCCC,PI289,1,-0.5735653447559365,-0.4593114,1.1286434594467214,1.1607512,0.03210776411742655
*c1ccc(-c2ccc(N3C(=O)c4cc5c(cc4C3=O)C(C(F)(F)F)(C(F)(F)F)c3cc4c(cc3O5)C(=O)N(*)C4=O)cc2C(F)(F)F)c(C(F)(F)F)c1,PI1111,3,-0.374356296325917,-0.23284629,1.1846253682125532,1.2243927,0.039767284299043526
*CC(*)C(=O)OCCCCCCCC,PI421,1,-0.2396252190246647,-0.16857213,1.2224876186316176,1.242455,0.019967387014134363
*CC(*)(C)C(=O)OC(C)C,PI440,1,-0.4845625624052241,-0.2901953,1.1536551026463178,1.2082764,0.054621288383040145
*Oc1ccc2ccc(OC(=O)Oc3ccc(OC(*)=O)cc3)cc2c1,PI816,1,0.6585476587462002,1.0809405,1.4748929812172262,1.5935942,0.1187012122413309
*CC(*)c1ccc(OCC)cc1,PI179,2,1.3581695839273449,0.32988837,1.6715013737312097,1.3825328,-0.2889685387244958
*C#C/C(COS(=O)(=O)c1ccc(C)cc1)=C(/*)COS(=O)(=O)c1ccc(C)cc1,PI269,1,0.8317635007772991,1.0194635,1.523570255376227,1.5763179,0.052747651003472784
*CC(*)C(=O)OCC(F)(F)C(F)(F)F,PI430,1,0.8502875015433229,1.641776,1.528775886993036,1.7512007,0.22242478897131956
*CC(*)c1ccc(Cl)cc1C,PI190,2,-0.5947928518061965,-0.6417088,1.1226780860242829,1.1094937,-0.013184353571890295
*CC(*)CCCCCC,PI30,1,-0.9862192211605214,-0.8839193,1.0126790901431677,1.0414275,0.028748402952230245
*CC(*)c1ccc(OC(C)=O)cc1,PI232,1,3.717951500904272,1.699903,2.334649443683812,1.7675357,-0.5671137571908922
*CC(*)(C)C(=O)OCc1ccccc1Cl,PI452,1,-0.2442104375613663,-0.18076387,1.2211990763298697,1.2390289,0.01782985433419282
*CC(*)c1ccccc1COCCC(C)C,PI91,2,-0.0169527342128087,0.3934611,1.2850632437231528,1.4003981,0.11533489146208886
*CC(*)OC(=O)CCCC(=O)c1ccccc1,PI333,1,1.8860787319952117,1.567133,1.8198548847624376,1.7302245,-0.08963039459672717
*CC(*)c1cc(C)cc(C)c1,PI205,1,-0.9083106081312804,-0.7720969,1.0345730397456006,1.072852,0.03827897574969974
*CC(*)c1ccc(C(C)(C)O)cc1,PI139,1,2.3795222664056532,2.7450364,1.9585228375595665,2.06124,0.10271712024988178
*CCCC(*)(C)C,PI17,1,-0.9347490007393924,-0.9157915,1.0271432985035882,1.0324708,0.005327523830701342
*CC(*)c1ccccc1C(=O)OCC,PI99,2,-0.0097371142217937,0.020911796,1.2870909838444446,1.295704,0.008613023304298029
*CC(*)OC(=O)c1cccc(Br)c1,PI334,1,-0.1755689848141004,-0.008981448,1.240488760084378,1.2873033,0.046814568429721204
*C(F)(F)C(*)(F)c1ccccc1,PI215,1,-0.507730244626213,-0.6934358,1.147144499425065,1.0949574,-0.05218714774049471
*CC(*)c1cc(Br)ccc1OCC,PI199,1,-0.29525720953772,-0.17447704,1.206853865838217,1.2407956,0.033941746496988
*CC(*)c1cccs1,PI373,1,-0.5979305444816562,-0.57477915,1.1217963287623656,1.1283023,0.006506006976770173
*c1cccc(P(=O)(c2ccc(C(F)(F)F)cc2)c2cccc(-n3c(=O)c4c(-c5cc(C(F)(F)F)cc(C(F)(F)F)c5)c5c(=O)n(*)c(=O)c5c(-c5cc(C(F)(F)F)cc(C(F)(F)F)c5)c4c3=O)c2)c1,PI1052,5,-0.4736933149634908,-0.5450284,1.1567095884913727,1.136663,-0.020046628438882497
*CC(*)c1ccccc1C(=O)OC(C)C,PI101,2,-0.3490621347583255,-0.19281015,1.1917335566023115,1.2356436,0.04391006865708791
*c1ccc(S(=O)(=O)c2ccc(N3C(=O)c4ccc(C(=O)c5ccc6c(c5)C(=O)N(*)C6=O)cc4C3=O)cc2)cc1,PI976,5,0.2463703719292517,0.6836323,1.3590625435549513,1.4819423,0.12287975247318594
*CC(*)c1ccc(C(=O)OCCCCCC)cc1,PI166,1,-0.3268694770787126,-0.030586906,1.1979701575362691,1.2812318,0.08326160344242961
*CC(*)OC,PI253,1,0.1302959631515588,0.16643104,1.3264432071671095,1.3365979,0.010154712297001822
*CC(*)c1ccc(C(C)=NO)cc1,PI138,2,0.2926018313957578,0.34669575,1.3720545505263333,1.3872561,0.015201594950961628
*CC(*)C(C)CC,PI35,1,-0.9924937112556074,-0.89266586,1.0109158272049452,1.0389695,0.028053689549205174
*CC(*)OC(C)(C)C,PI272,1,-0.6469982376656516,-0.5289626,1.1080072808008157,1.1411778,0.0331704926748313
*CC(*)c1ccncc1,PI226,1,-0.461020750941874,-0.6261779,1.1602708440090233,1.1138582,-0.04641262104759747
*CC(*)c1ccccc1C(=O)OC,PI98,1,0.1667322959516509,0.40889186,1.3366825786949184,1.4047345,0.06805191360702256
*CC(*)c1ccc(CC)cc1,PI119,1,-0.9529682676735852,-0.74683094,1.0220233034665724,1.0799522,0.057928936523661934
*CC(*)c1ccc(C(C)C)cc1C(C)C,PI188,2,-0.9035207629212734,-0.78312695,1.0359190864220058,1.0697523,0.03383324912639507
*c1ccc(-c2sc(-c3ccc(-n4c(=O)c5cc6c(=O)n(*)c(=O)c6cc5c4=O)cc3)c(-c3ccccc3)c2-c2ccccc2)cc1,PI993,5,-0.4802441571321917,-0.18935676,1.1548686648409774,1.2366141,0.08174544324465494
*c1ccc2c(c1)C(=O)N(c1c(C)cc(Cc3cc(C)c(N4C(=O)c5ccc(C(*)(C(F)(F)F)C(F)(F)F)cc5C4=O)c(C)c3)cc1C)C2=O,PI971,5,-0.553401889574471,-0.1932067,1.1343098120409876,1.2355323,0.10122247174197141
*CC(*)c1ccc(C)nc1,PI228,1,-0.4371335490350433,-0.56216764,1.1669836473096673,1.1318464,-0.035137219392186836
*c1ccc(S(=O)(=O)c2ccc(N3C(=O)c4ccc(-c5ccc6c(c5)C(=O)N(*)C6=O)cc4C3=O)cc2)cc1,PI968,4,0.1896841086555823,0.45932305,1.3431325180672924,1.4189067,0.07577417062289316
*CC(OC)C(C(=O)O)C(*)C(=O)O,PI388,1,0.7483275501436925,1.7562394,1.5001230083110322,1.7833674,0.2832443870899688
*CC(*)c1c(C)cc(C)cc1C,PI210,1,-0.8889920926204592,-0.8161021,1.040001946621776,1.0604856,0.02048365480339487
*CC(*)(C)CCC,PI45,1,-0.9709999065302676,-0.9104743,1.0169560358432956,1.033965,0.017008955726223407
*CC(*)C1CCC(C)CC1,PI66,1,-0.9886767360923548,-0.9441135,1.0119884770521017,1.0245117,0.01252321785604038
*CC(*)c1ccc(C(=O)OCC(C)C)cc1,PI165,1,0.1350419934160757,0.025983222,1.3277769409275084,1.2971292,-0.030647786722186154
*CC(*)(C)C(=O)OCC(C)C,PI443,1,-0.4564829530334733,-0.2932396,1.1615460601224876,1.207421,0.04587488504505388
*CC(*)CCCC,PI6,1,-0.970251360962254,-0.85385704,1.0171663928026098,1.0498756,0.03270922422467293
*/C=C/CCC*,PI58,1,-0.6016331464801269,-0.5649029,1.1207558201664551,1.1310778,0.01032194625200189
*C(C)C(*)OC,PI288,1,-0.274487830379831,-0.24902745,1.212690495741845,1.2198454,0.007154918419837175
*CC(*)OC(=O)c1cccnc1,PI368,1,0.5743647584860339,0.16629627,1.4512358256856426,1.3365601,-0.11467569556631885
*CC(*)c1ccccc1C(=O)OCC(C)C,PI103,1,-0.3528311959876202,-0.1842938,1.190674371572645,1.238037,0.04736261859306534
*C=CC(C*)OC,PI303,3,1.114144647841368,0.70473534,1.602925263277311,1.4878727,-0.11505254351260152
*CC(*)N1Cc2ccccc2N1,PI229,2,-0.6495317978176867,-0.65860045,1.107295297412502,1.1047468,-0.002548478870021631
*CC(*)C(=O)Oc1cccc(C(=O)OCC)c1,PI468,1,0.482405564777193,0.8694623,1.4253933690655245,1.5341644,0.108771059645413
*CC(*)c1ccc(CCCCCCCCCC)cc1,PI127,2,-0.9423560053662768,-0.725502,1.0250055711143973,1.0859461,0.06094051195445038
*CC(*)c1ccc(C(C)C)cc1,PI120,1,-0.8972462489144196,-0.70161986,1.037682356079935,1.0926574,0.054975090781332
*CC(*)C(=O)N1CCOCC1,PI462,1,0.1018881644708854,0.26356456,1.3184600216315476,1.3638945,0.04543444095390159
*CC(*)c1ccc(-c2ccccc2)cc1,PI132,1,-0.9185276213240936,-0.7455205,1.0317018453649884,1.0803205,0.048618632120668304
*CC(*)C(=O)OCCCCCCC,PI420,1,-0.0820402411546271,-0.101113446,1.2667722930653953,1.2614124,-0.005359910939540802
*CC(*)c1cccc(Cl)c1,PI116,2,-0.6276542924488311,-0.6152059,1.1134433339562009,1.1169417,0.0034983564887454133
*CC(*)OC(=O)C(F)(F)C(F)(F)F,PI352,1,0.0595893355647757,0.20359476,1.3065731660926778,1.3470417,0.040468560019687905
*CC(*)C(=O)c1ccc(OC)cc1,PI327,1,1.8063910003172003,1.3644166,1.7974609656121152,1.6732569,-0.12420409152764256
*C=CCC(C)(CC*)C(=O)OC,PI280,1,0.2377685307220088,0.25983098,1.356645246281172,1.3628453,0.0062000553469407915
*CC(*)(C)C(=O)Oc1ccccc1,PI449,1,-0.3568515824885737,-0.114056066,1.189544558885553,1.2577752,0.0682306286068175
*CC(*)OC(=O)C(C)(C)C(C)(C)CC,PI365,2,-0.5372345714052378,-0.46835044,1.138853166561634,1.1582111,0.01935794546076597
*CC(*)C(=O)c1ccccc1O,PI302,1,0.6466063553003989,1.6482452,1.4715372252145926,1.7530187,0.2814815116247018
*Cc1cc(*)c(O)cc1C,PI1138,1,1.252929539873474,1.3513162,1.6419267204151704,1.6695755,0.027648732389395025
*C(=O)c1ccc2c(c1)C(=O)N(c1ccc(C(=O)Nc3ccc(N4C(=O)c5ccc(*)cc5C4=O)cc3)cc1)C2=O,PI991,5,0.6053884119221222,0.7965377,1.4599541211141356,1.5136712,0.05371703863012711
*CC(*)c1ccc(COCCOCCCC)cc1,PI154,1,2.0952491185974056,1.559443,1.8786361378810243,1.7280635,-0.15057267371629046
*CC(*)OC(=O)c1ccc(C(C)(C)C)cc1,PI298,1,-0.2936421177828611,-0.18153599,1.2073077403985422,1.238812,0.031504229358537916
*CC(CC(*)(C#N)C(=O)OC)c1ccccc1,PI238,2,0.230194283958909,0.113878936,1.354516724536786,1.3218297,-0.03268704790867316
*CC(*)(C)C(=O)OCCCCCCCC,PI446,1,-0.6773985457397025,-0.42919,1.099464158455384,1.1692159,0.06975175913189635
*CC(*)C(=O)OC(C(F)(F)F)C(F)(F)F,PI431,1,-0.1620105593769432,0.11062474,1.2442989611862516,1.3209152,0.07661626098171714
*CC(*)CNc1ccc([N+](=O)[O-])cn1,PI393,3,1.2688464654658194,1.9327327,1.646399709385128,1.8329656,0.1865659030263711
*CC(*)CNc1ccc([N+](=O)[O-])cc1[N+](=O)[O-],PI396,1,2.3278201245992265,2.9745839,1.9439934544395912,2.1257477,0.18175422622447135
*c1ccc(Oc2ccc(S(=O)(=O)c3ccc(Oc4ccc(-n5c(=O)c6cc7c(=O)n(*)c(=O)c7cc6c5=O)cc4)cc3)cc2)cc1,PI966,5,-0.0712079731791595,0.025841579,1.2698163869070598,1.2970893,0.027272951395552525
*CC(*)(C)C(=O)OCCCC,PI441,1,-0.5755866183595408,-0.25243378,1.1280754392922177,1.2188882,0.0908127242743717
*CC(*)Cc1ccccc1C,PI295,1,-0.9096956461755632,-0.8392074,1.034183815089174,1.0539925,0.019808694752744938
*CC(*)OC(=O)CCCCC,PI385,1,-0.1576572063418219,0.10197321,1.245522344432938,1.318484,0.0729616042746426
*CC(*)OCC(F)(F)F,PI376,2,3.2031666065602296,2.2773736,2.1899841224229646,1.929817,-0.26016716113451244
*C=CCCCCCCCC*,PI53,2,-0.6888616234280291,-0.7681773,1.0962427938919717,1.0739535,-0.022289284561222145
*CC(*)C(=O)OCc1ccccc1,PI473,1,-0.122819952797072,-0.005971331,1.2553123412476632,1.2881492,0.03283689638508824
*CC(*)(C)c1ccccc1,PI213,1,-0.9178813438349688,-0.89064246,1.0318834628553522,1.0395381,0.007654682209955466
*CCC(C)C(*)C,PI51,2,-0.9938615044308698,-0.94505286,1.0105314487173638,1.0242478,0.013716316823712882
*/C=C\CCCC*,PI60,2,-0.4186226956692833,0.09801588,1.172185584232044,1.3173718,0.14518626101331722
*CC(*)Cc1ccc(C)c(C)c1,PI292,2,-0.9160042478471664,-0.8436652,1.032410966084558,1.0527397,0.020328773333471828
*CC(*)CNc1ccc([N+](=O)[O-])cc1C,PI394,1,3.465014463562551,2.1871126,2.263568846393884,1.9044517,-0.35911711852675765
*/C=C/CC*,PI46,2,-0.3865963885645214,-0.50675136,1.1811856463104249,1.1474196,-0.03376607443389901
*c1cccc(N2C(=O)c3ccc(Oc4ccc5c(c4)C4(CC(C)(C)c6ccc(Oc7ccc8c(c7)C(=O)N(*)C8=O)cc64)CC5(C)C)cc3C2=O)c1,PI986,3,-0.3896610284136317,-0.23171231,1.1803244184205013,1.2247113,0.04438688052206463
*c1cccc(Oc2ccc(-n3c(=O)c4cc5c(=O)n(*)c(=O)c5cc4c3=O)cc2)c1,PI953,1,-0.0174373612376227,0.24684832,1.2849270533939363,1.3591969,0.07426984792747482
*C(CC)C(*)CC,PI62,1,-1.0035808154428143,-0.9337387,1.0078001190582666,1.0274272,0.01962707744441894
*CC(*)SCCCC,PI307,2,-0.1126630283412915,0.4171194,1.2581666494365038,1.4070467,0.14888002624556407
*CC(*)c1ccccc1C(=O)OCCN(C)C,PI108,2,-0.1600178135867248,-0.0074771456,1.2448589644285777,1.2877262,0.04286719943555806
*CC(*)OC(=O)c1ccncc1,PI354,2,-0.1738643204655444,0.18425426,1.2409678064168077,1.3416066,0.10063881055706925
*CC(*)c1cc(C)ccc1F,PI197,2,-0.6946506790488577,-0.6383202,1.094615948193146,1.110446,0.015830028064178325
*CC(*)SC,PI317,2,0.9433149921945444,0.7856848,1.554918557395783,1.5106212,-0.04429736732467715
*CC(*)OC(=O)c1ccccc1C,PI360,1,-0.1069820695485901,-0.1429519,1.2597631176659436,1.2496549,-0.010108228559193133
*CC(*)c1ccc(C(C)(O)CC)cc1,PI140,2,2.04026940999353,2.1201198,1.8631856899455963,1.8856254,0.022439672450643933
*C(=O)c1ccc2c(c1)C(=O)N(c1c(C)cc(Cc3cc(C)c(N4C(=O)c5ccc(*)cc5C4=O)c(C)c3)cc1C)C2=O,PI1069,5,-0.2528709025192252,0.1014649,1.21876530455614,1.3183411,0.09957583142255877
*C(=O)c1ccc2c(c1)C(=O)N(c1c(C)cc(C(c3cc(C)c(N4C(=O)c5ccc(*)cc5C4=O)c(C)c3)c3cccc4ccccc34)cc1C)C2=O,PI1002,5,-0.3586099670099056,-0.20128581,1.1890504160610968,1.2332618,0.044211407593077956
*c1ccc2c(c1)C(=O)N(c1c(C)cc(C(c3cc(C)c(N4C(=O)c5ccc(C(*)(C(F)(F)F)C(F)(F)F)cc5C4=O)c(C)c3)c3cccc4ccccc34)cc1C)C2=O,PI1003,1,-0.6229114612430715,-0.47948918,1.1147761687141855,1.1550808,0.04030462657390044
*c1cc(C(c2ccc(O)c(N3C(=O)c4ccc(-c5ccc6c(c5)C(=O)N(*)C6=O)cc4C3=O)c2)(C(F)(F)F)C(F)(F)F)ccc1O,PI1097,2,0.4123470822159357,0.90692955,1.405705470298242,1.5446935,0.1389879997029786
*CC(*)c1nc(C)nc(C)n1,PI383,1,-0.6318607593118292,-0.6260786,1.112261228795784,1.1138861,0.0016248891393966236
*CC(*)C(=O)Oc1ccc(-c2ccccc2)cc1,PI472,1,-0.2829154842219356,-0.07008066,1.2103221487605358,1.2701333,0.05981110815169566
*C=CC(C)C(*)C(=O)OC,PI268,2,0.4146271525605726,0.7277087,1.4063462177493196,1.4943287,0.08798251950959157
*CC(*)CCC,PI4,2,-0.994461232262946,-0.8285812,1.010362912654147,1.0569787,0.04661578989101911
*CC(*)NC(=O)OC(C)(C)C,PI348,2,0.7750913711770205,1.2436876,1.5076442017463754,1.6393296,0.1316853509040763
*CC(*)c1ccc(OCCCC)cc1,PI181,2,0.1438293882048155,-0.027422944,1.3302463826382618,1.282121,-0.048125439568803774
*CC(*)P(=O)(OCC)N(C)C,PI381,3,0.6516793071720078,0.89160466,1.472962830783657,1.5403869,0.0674240844232521
*C(F)(F)C(*)(F)OC(F)(F)C(F)(F)F,PI311,1,-0.8379544661848479,-0.56478024,1.0543445870252148,1.1311123,0.07676775008721193
*c1ccc(Oc2ccc(Oc3ccc(N4C(=O)c5ccc(-c6ccc7c(c6)C(=O)N(*)C7=O)cc5C4=O)cc3)c(-c3ccccc3)c2)cc1,PI1036,1,-0.3580908172687171,-0.144082,1.1891963079956052,1.2493373,0.060141007563782045
*c1ccc(-c2ccc(N3C(=O)c4cc5c(cc4C3=O)C(C(F)(F)F)(C(F)(F)F)c3cc4c(cc3O5)C(=O)N(*)C4=O)cc2OC(F)(F)F)c(OC(F)(F)F)c1,PI1112,3,-0.3797109525630388,-0.26764756,1.1831205978253574,1.2146127,0.031492124571493196
*c1ccc(C(C)(C)c2ccc(C(C)(C)c3ccc(N4C(=O)c5ccc(Oc6ccc7c(c6)C(=O)N(*)C7=O)cc5C4=O)cc3)cc2)cc1,PI1084,4,-0.4224273000826234,-0.15555969,1.1711164108243286,1.2461119,0.07499545898768312
*c1ccc(-c2ccc(-n3c(=O)c4cc5c(=O)n(*)c(=O)c5cc4c3=O)c(C)c2)cc1C,PI687,1,-0.3625440744165832,0.087341145,1.1879448496038936,1.3143721,0.1264272130792119
*CC(*)OC(=O)c1ccccc1Cl,PI337,1,0.4084706619973146,0.0028029718,1.404616115147323,1.2906151,-0.11400103336021372
*CC(*)c1ccc(OCCC(C)C)cc1,PI182,1,0.0287019870309933,-0.15761612,1.2978931751923444,1.245534,-0.05235923201607484
*CC(*)c1ccc(COCCOCC)cc1,PI133,2,3.353486773539782,1.8478535,2.232227233063946,1.8091128,-0.4231144458172418
*CC(*)OC(=O)CCl,PI372,1,4.609579805276337,1.8092977,2.5852156442744696,1.7982779,-0.786937789355036
*CC(*)C(=O)Oc1ccc(OC)cc1,PI464,1,1.5226056023045986,1.3987463,1.7177113338267014,1.6829042,-0.0348070903574631
*CC(*)c1ccc(C(C)(O)CCC)cc1,PI141,2,0.4440217665866051,1.9224668,1.414606719034683,1.8300807,0.4154740285696872
*c1ccc(Oc2ccc3ccc(Oc4ccc(-n5c(=O)c6cc7c(=O)n(*)c(=O)c7cc6c5=O)cc4)cc3c2)cc1,PI1050,5,-0.2314389023847287,0.017982021,1.2247881448119136,1.2948806,0.07009248377390187
*CC(*)c1ccccc1C(=O)OCCCCC,PI104,1,-0.1121379873324419,-0.17704462,1.258314196940432,1.2400742,-0.018240039225588145
*c1cccc(Oc2cccc(Oc3cccc(-n4c(=O)c5cc6c(=O)n(*)c(=O)c6cc5c4=O)c3)c2)c1,PI962,5,-0.1151217892318295,0.09449401,1.2574756862049845,1.3163822,0.05890648351852623
*C(F)(F)C(*)(F)OC(F)C(F)F,PI405,1,1.9757059793401528,0.13822603,1.8450420156851564,1.3286717,-0.5163703218832765
*CC(*)CCCCCCCCCC,PI31,1,-0.989802703138418,-0.89685225,1.0116720567642543,1.0377932,0.02612110272060897
*CC(*)c1ccc(C(=O)CCCCCCC)cc1,PI171,2,1.3271472157206756,0.9244306,1.6627834394790622,1.5496117,-0.11317175181884487
*C=CC1CCC(*)C1,PI75,1,-0.5815427906001079,-0.7188133,1.1264016303282531,1.0878258,-0.03857585518176876
*CC(*)OC(=O)c1cccc(Cl)c1,PI338,1,0.0270706419074541,0.10605472,1.2974347330955054,1.319631,0.022196247396132796
*CC(*)c1ccccc1COCCCCC,PI90,2,0.4007349888097049,0.51328,1.4024422292016594,1.4340698,0.031627523491516873
*C(=O)Nc1cccc(NC(=O)c2ccc(N3C(=O)c4ccc(*)cc4C3=O)cc2)c1,PI990,3,1.0284691787107227,1.1973846,1.5788486646782944,1.6263175,0.0474688363898208
*CC(*)OC(=O)C(F)(F)C(F)(F)C(F)(F)F,PI346,1,-0.1433506065033533,-0.01674426,1.24954279818852,1.2851219,0.035579119536089276
*CC(*)c1ccc(C(=O)OC)cc1,PI160,2,0.5223403028859213,0.7479032,1.4366158656489345,1.5000038,0.06338794904833112
*CC(*)CC(C)(C)C,PI39,1,-0.9438410012288944,-0.8825995,1.0245882562205515,1.0417985,0.017210216183928484
*C(=O)Nc1cccc(C#Cc2cccc(N3C(=O)c4ccc(*)cc4C3=O)c2)c1,PI1018,4,0.5463236027676764,0.5518637,1.4433556744902765,1.4449126,0.0015568783432806654
*CC(*)OCCCCCCCCCCCCCCCCCC,PI402,1,3.207839928273359,-0.5434034,2.191297423559834,1.1371197,-1.0541777727190746
*C(C)C(*)OCC,PI286,1,-0.3689834960516782,-0.37966567,1.186135237453634,1.1831334,-0.0030018737298791454
*/C=C\CC*,PI47,1,0.2749228269300529,0.30829337,1.367086380541738,1.3764642,0.009377867161814324
*c1ccc(S(*)(=O)=O)cc1,PI1137,1,-0.3023884437918124,0.20798545,1.204849839873801,1.3482757,0.14342582159470485
*CC(*)c1ccc(C(O)CCN(C)C)cc1,PI144,2,1.1994183671355978,1.7492805,1.6268889617703024,1.7814118,0.154522805235618
*CC(*)OC(=O)c1ccccc1OC(C)=O,PI331,2,1.2279882214142943,1.5692594,1.6349176883180574,1.7308221,0.09590439801617112
*c1ccc(Oc2ccc(Oc3ccc(-n4c(=O)c5cc6c(=O)n(*)c(=O)c6cc5c4=O)cc3)cc2-c2ccccc2)cc1,PI1031,2,-0.3549065535131964,-0.06402142,1.1900911527049836,1.271836,0.08174488969919125
*CC(*)c1ccccc1F,PI112,2,-0.6218267187648399,-0.63464046,1.1150810040363226,1.1114801,-0.0036008871921453522
*CCC=C(*)C,PI522,1,-0.9283492348957306,-0.8384373,1.028941766547114,1.054209,0.025267227364629274
*CC(*)C=C,PI521,2,-0.8344025089130166,-0.7093335,1.0553427613024322,1.0904899,0.035147103046933026
*CCCC=C(*)c1ccccc1,PI390,1,-0.8855474345248228,-0.681695,1.040969967586482,1.0982568,0.057286858814274755
*c1cccc(P(=O)(c2cccc(-n3c(=O)c4c(-c5cc(C(F)(F)F)cc(C(F)(F)F)c5)c5c(=O)n(*)c(=O)c5c(-c5cc(C(F)(F)F)cc(C(F)(F)F)c5)c4c3=O)c2)c2cc(C(F)(F)F)cc(C(F)(F)F)c2)c1,PI1051,4,-0.4271617906313402,-0.5971701,1.1697859199654053,1.12201,-0.04777592736591796
*CC(*)C(=O)c1ccc(CC)cc1,PI325,1,-0.1465308681655041,0.076838866,1.2486490781510764,1.3114207,0.06277160094133083
*CC(*)OCC(C)(C)C,PI276,1,-0.642835670590026,-0.5067246,1.109177049202883,1.1474271,0.03825003285888462
*CCCCCCN1C(=O)c2ccc(C(c3ccc4c(c3)C(=O)N(*)C4=O)(C(F)(F)F)C(F)(F)F)cc2C1=O,PI970,4,-0.2471745725838506,0.1056743,1.2203660923981352,1.319524,0.09915795736077593
*CC(*)C(=O)OC(F)(C(F)(F)F)C(F)(F)Cl,PI433,1,-0.3356081070590635,-0.065405846,1.1955144197565155,1.271447,0.07593252352656554
*CC(*)(C)C(=O)OC,PI437,1,-0.2877048304934304,0.42131948,1.208976242296287,1.408227,0.19925072456162307
*CC(*)CC(C)CC,PI38,1,-0.941708405112193,-0.9012606,1.025187560329378,1.0365543,0.011366776218473484
*c1ccc2c(c1)Cc1cc(-n3c(=O)c4cc5c(=O)n(*)c(=O)c5cc4c3=O)ccc1-2,PI676,1,-0.186328648901242,0.1324805,1.237465069453734,1.3270571,0.08959205373047019
*CC(*)c1cc(C(C)C)ccc1C(C)C,PI194,1,-0.920520841493224,-0.78262925,1.0311417088122672,1.0698922,0.03875045923277676
*CC(*)(C)C(=O)OC(C)CC,PI442,1,-0.57538829567202,-0.38127983,1.1281311721150311,1.1826798,0.05454860026198305
*CC(*)c1ccccc1COC(C)C,PI88,1,0.0217763295883149,0.114706784,1.2959469206112648,1.3220624,0.0261154525500511
*Oc1ccc(S(=O)(=O)c2ccc(OC(=O)c3ccc(C(*)=O)cc3)cc2)cc1,PI583,1,0.6549223736720826,1.0668064,1.473874200294026,1.5896223,0.11574805884598871
*C(F)(F)C(*)(F)c1c(F)c(F)c(F)c(F)c1F,PI216,2,-0.8537490270353013,-0.3780738,1.049905985106803,1.1835808,0.13367477108063586
*CC(*)c1ccccc1C(=O)OCCC,PI100,2,-0.1793081340686563,-0.115924895,1.2394379809451768,1.2572501,0.01781208962672265
*Oc1ccc(OC(=O)c2ccc(-c3ccc(C(*)=O)cc3)cc2)cc1C,PI582,2,0.3156556558346527,0.3244911,1.3785331573296538,1.3810161,0.0024829778861055196
*CC(*)c1ccc(C(=O)CC)cc1,PI167,1,3.553092867846444,1.6105791,2.28832072002473,1.7424338,-0.5458869336325183
*C1CCC(N2C(=O)c3ccc(-c4ccc5c(c4)C(=O)N(*)C5=O)cc3C2=O)CC1,PI978,5,0.0264060573970779,0.2548486,1.2972479709493063,1.3614452,0.06419721757303254
*CC(*)c1cc(Br)ccc1OCCC,PI201,2,-0.6035254197518675,-0.3904906,1.1202240518030526,1.1800914,0.059867329269945424
*CC(*)OC(=O)C1CCCCC1,PI340,1,-0.4292281365553816,-0.066725984,1.169205233546239,1.271076,0.10187073042775996
*CC(*)(C)C(=O)OC(C)(C)C,PI444,1,-0.430284004652025,-0.30590343,1.1689085125291925,1.2038621,0.0349535585081
*CC(*)OC(=O)c1ccc(C#N)cc1,PI403,2,0.260455367628122,0.5923551,1.3630207219127897,1.4562916,0.09327083444554773
*CC(*)C(=O)c1ccc(C)c(C)c1,PI328,1,0.0342700487008291,0.08221614,1.2994579169691858,1.3129318,0.013473859077567152
*C=CC(C)CCCCC*,PI80,1,-0.8640613636151097,-0.7637623,1.0470080028609003,1.0751941,0.028186117546204148
*CC(*)c1ccc(COCCCCCC)cc1,PI153,1,0.3953945399935214,0.580337,1.400941451396874,1.4529142,0.051972786579200125
*c1cc(C(c2ccc(O)c(N3C(=O)c4ccc(Oc5ccc6c(c5)C(=O)N(*)C6=O)cc4C3=O)c2)(C(F)(F)F)C(F)(F)F)ccc1O,PI1083,5,0.7781124496612382,0.89704776,1.5084931879817436,1.5419165,0.033423301619391665
*CCCC=C(*)c1ccc(OC)cc1,PI389,2,0.4476564992851415,0.35656554,1.4156281549379277,1.3900297,-0.02559848612994431
*CC(*)SCC,PI309,3,1.0372942216140375,0.94721186,1.581328686296597,1.5560137,-0.02531498295034451
*C(C)C(*)OCCCC,PI284,1,-0.5515180095967398,-0.5011583,1.1348392217132404,1.1489913,0.014152124646012565
*CC(*)OC(=O)CCCCCCCCCCC,PI243,2,-0.5828554321618363,-0.2633028,1.1260327505974876,1.2158338,0.0898010325522316
*CCC=C(*)CCC,PI77,1,-0.9549107252827788,-0.8582124,1.021477432254816,1.0486517,0.027174262996648935
*c1ccc(-c2ccc(-n3c(=O)c4cc5c(=O)n(*)c(=O)c5cc4c3=O)cc2OC(F)(F)F)c(OC(F)(F)F)c1,PI977,5,-0.2049098640403012,0.034994535,1.2322433594015496,1.2996615,0.0674181577416999
*CC(*)OC1CCCCC1,PI308,2,-0.8599375753035119,-0.6695818,1.0481668736192764,1.1016608,0.05349397404460299
*CC(*)C(=O)c1ccc(Br)cc1,PI406,1,-0.2874531003167821,0.24683471,1.2090469837404825,1.3591931,0.15014610288366304
*C(C)C(*)C,PI49,1,-1.012513386251613,-0.9043189,1.0052898798497392,1.0356948,0.030404957720451264
*c1ccc(Oc2ccc(Oc3ccc(N4C(=O)c5ccc(Oc6cccc7c6C(=O)N(*)C7=O)cc5C4=O)cc3)cc2)cc1,PI1063,5,3.244021381037103,0.044610426,2.201465168466997,1.3023638,-0.8991014151482104
*CC(*)CNc1ccc([N+](=O)[O-])cc1,PI392,2,1.5298671249974116,1.8848149,1.7197519735671842,1.8194997,0.09974775749665854
*CC(*)C1CC1,PI20,1,-0.8859053571252085,-0.84935457,1.040869383850362,1.0511409,0.010271520576212723
*C1CCC1*,PI72,2,-1.0246837128341346,-0.90489185,1.0018697635560134,1.0355338,0.0336640222639939
*CC(*)C(C)=O,PI246,1,2.532279954906058,2.0988936,2.001450942724996,1.8796604,-0.12179057475929778
*CC(*)c1ccccc1C(=O)NC,PI94,2,0.7146874719313141,0.49593914,1.490669442801821,1.4291966,-0.06147284665619113
*c1ccc(S(=O)(=O)c2ccc(N3C(=O)c4ccc(C(c5ccc6c(c5)C(=O)N(*)C6=O)(C(F)(F)F)C(F)(F)F)cc4C3=O)cc2)cc1,PI975,5,-0.0477973826281458,0.04037924,1.2763952524491111,1.3011748,0.02477950741569601
*c1ccc2c(c1)C(=O)N(c1cc(N3C(=O)c4ccc(C(*)(C(F)(F)F)C(F)(F)F)cc4C3=O)ccc1C)C2=O,PI974,5,-0.3709089765561614,0.08789118,1.1855941371633516,1.3145266,0.12893242075901168
*CC(*)OC(=O)c1ccccc1OC,PI357,3,0.5341454645499242,0.60553175,1.4399333629636824,1.4599944,0.02006107234668142
*CC(*)(C)C(=O)OCCCCCCCCCCCC,PI447,2,-0.7763603011407917,-0.45527288,1.071653835551721,1.1618861,0.0902322604489505
*CC(*)c1ccc(C(=O)N2CCCCC2)cc1,PI157,2,0.5191953889338663,0.06680435,1.4357320790572716,1.3086008,-0.12713129570918813
*CC(*)c1ccc(C(=O)CCN2CCCCC2)cc1,PI158,1,0.0539610587100275,0.7598925,1.3049915025895662,1.503373,0.19838152425827316
*c1ccc(Oc2cccc(Oc3ccc(N4C(=O)c5ccc(-c6cccc7c6C(=O)N(*)C7=O)cc5C4=O)cc3)c2)cc1,PI1109,2,-0.1458268928511192,0.042277962,1.2488469099370012,1.3017083,0.05286143070783522
*CC(*)OC=O,PI270,1,1.275628053910404,1.1249259,1.6483054775647572,1.605955,-0.04235047287267957
*CC(*)c1ccc(OCCC)cc1,PI180,2,0.065994132249279,0.046049476,1.3083730479076925,1.3027682,-0.005604817469460066
*CC(*)OC(=O)C(F)(F)F,PI278,2,0.338368573140309,0.5854306,1.3849159620989753,1.4543456,0.06942962181673518
*CC(*)C(=O)OCC,PI412,1,0.6501794903466336,0.51193726,1.4725413508893186,1.4336925,-0.03884889559757054
*CC(*)OC(=O)c1ccc(OC)cc1,PI359,2,0.7426285128367694,1.126349,1.4985214596410112,1.606355,0.10783349221750926
*CC(OC)C1C(=O)OC(=O)C1*,PI387,2,1.904175009901622,1.8782661,1.8249403173105163,1.8176594,-0.007280939258758501
*CC(*)C(=O)OC(F)(C(F)(F)Cl)C(F)(F)Cl,PI434,1,-0.3697633981389479,-0.058118105,1.1859160686566346,1.273495,0.0875788902209289
*CC(*)C(=O)OCCCC,PI415,1,-0.0839072108418789,0.16607326,1.2662476355384205,1.3364974,0.07024979049459956
*CC(*)C(=O)Oc1ccccc1,PI463,1,0.1591670104308232,0.28760308,1.3345565752470216,1.3706498,0.03609323935869124
*CC(*)C(=O)Oc1ccc(C(=O)OCC)cc1,PI470,1,0.5107555964846836,1.03852,1.4333603208735128,1.5816731,0.14831282442067661
*OC(C)COC(*)=O,PI1116,2,0.0278351666754712,0.5557632,1.2976495805442014,1.4460084,0.14835886328819603
*CC(*)C1CCC1,PI21,1,-0.9851977451637868,-0.8804852,1.012966146260881,1.0423926,0.02942646524272008
*CC(*)c1ccccc1COCCCC,PI89,2,0.555236187684729,0.5967541,1.4458602972452486,1.4575278,0.011667459445730444
*CC(*)c1ccc(CCCCCC)cc1,PI124,2,-0.9261531425527236,-0.7647369,1.0295589144234605,1.0749203,0.04536138224554587
*CC(*)C(C)C,PI5,3,-0.9629735079201258,-0.8728073,1.019211621712775,1.0445502,0.025338558722405757
*CC(*)c1ccccc1COCCC,PI87,2,0.4110939995355132,0.6870966,1.4053533278587076,1.4829159,0.07756255043719085
*/C=C\CCCCC*,PI74,1,0.1183677640278304,-0.0057685003,1.3230911337530356,1.2882062,-0.034884914079878815
*CC(*)c1ccc(N(C)C)cc1,PI177,1,-0.6863958155071658,-0.6523638,1.0969357374863904,1.1064994,0.00956369603106566
*/C=C/CCCCCCCCCC*,PI55,1,-0.8501522729584065,-0.777744,1.050916748223101,1.071265,0.02034823400040975
*c1ccc(Oc2ccc(N3C(=O)c4cccc(Oc5cccc6c5C(=O)N(*)C6=O)c4C3=O)cc2)cc1,PI1060,5,0.0703325013681029,0.24252263,1.3095922203605332,1.3579813,0.04838910383532857
*CC(*)c1ccc(CCCCCCCCCCCCCC)cc1,PI129,1,-0.967532526328043,-0.6797013,1.0179304421951516,1.0988171,0.0808866678664939
*C=CCCCCCC*,PI57,1,-0.6403875938199325,-0.7128697,1.109865009973115,1.089496,-0.02036899347073473
*c1ccc(Oc2ccc(N3C(=O)C4CCC5C(=O)N(*)C(=O)C5C4C3=O)cc2)cc1,PI1064,5,0.0180193486086438,0.5547566,1.2948911303843826,1.4457256,0.15083442980391082
*CC(*)c1ccc(C(C)(O)CCCC)cc1,PI142,1,1.227625468159492,1.8105223,1.6348157470670204,1.7986219,0.16380614586205677
*CC(*)c1ccc(C(=O)CCCC)cc1,PI169,3,1.721245564288522,1.2550714,1.7735333173995949,1.6425287,-0.13100466425475843
*C1CCC(CC2CCC(N3C(=O)C4C5C=CC(C6C(=O)N(*)C(=O)C56)C4C3=O)C(C)C2)CC1C,PI1082,4,-0.2278143709581998,0.036441952,1.22580671394438,1.3000683,0.07426154529481677
*C(=O)c1ccc2c(c1)C(=O)N(c1ccc(C3(c4ccc(N5C(=O)c6ccc(*)cc6C5=O)cc4)c4ccccc4-c4ccccc43)cc1)C2=O,PI969,4,-0.2929997747862172,-0.13262397,1.2074882522142347,1.2525573,0.045069025465208634
*CC(*)c1ccc(CCC)cc1,PI233,2,-0.9461018430508534,-0.75528264,1.023952912386482,1.0775771,0.053624201718742714
*CC(*)c1ccc(C(=O)N(CC)CC)cc1,PI156,1,0.6663479714075027,0.24854572,1.4770850322068347,1.3596739,-0.11741117451793093
*C(F)(F)C(*)(OC(F)(F)F)OC(F)(F)F,PI312,1,-0.8539199919373129,-0.59341305,1.0498579403938646,1.1230658,0.07320788888317398
*CC(*)CCc1ccccc1C,PI281,1,-0.90074777924322,-0.8569488,1.036698352828313,1.0490068,0.012308466896723713
*CC(*)C(=O)c1ccc(C)cc1,PI330,1,0.3372425834169442,0.17743656,1.3845995354383318,1.3396907,-0.04490885016611501
*CCCCCCCC(*)C,PI19,1,-0.9050772722820508,-0.94024307,1.03548167473958,1.0255994,-0.009882314273576664
*CC(*)c1ccccc1C(=O)OCCCCCC,PI106,1,-0.4100373111710098,-0.20351677,1.1745982568264357,1.2326349,0.05803664517399154
*CC(*)C(=O)c1ccc(C(C)(C)C)cc1,PI323,1,-0.0036692402207146,-0.071682714,1.288796183339187,1.269683,-0.01911317991358885
*C=CCCCCCCCCCC*,PI78,2,-0.8781111676788526,-0.7910211,1.0430597140885127,1.0675339,0.024474136581348116
*CC(*)CCCCCCCCCCCCCCCCCCCC,PI54,3,2.6134106013089373,-0.717857,2.024250351089393,1.0880945,-0.9361558782042612
*c1ccc(Sc2ccc3c(c2)Sc2ccc(Sc4ccc(-n5c(=O)c6cc7c(=O)n(*)c(=O)c7cc6c5=O)cc4)cc2S3)cc1,PI1086,2,-0.4033403730855779,-0.07575405,1.1764802364848084,1.2685388,0.09205859617968137
*CC(*)C(=O)OCCCCCCCCCCCCCCCC,PI424,2,-0.258523276127425,-0.33066502,1.2171768693613612,1.1969036,-0.02027328297372688
*CC(*)c1c(F)c(F)c(F)c(F)c1F,PI212,1,-0.3742246573488414,-0.31682336,1.1846623615181422,1.2007934,0.016131023987534077
*CC(*)CNc1ccc([N+](=O)[O-])c(C(F)(F)F)c1,PI395,1,1.6469339512671526,1.4675032,1.7526502000252075,1.7022264,-0.05042379964984134
*CC(*)C(=O)Oc1ccc(C(=O)OCCCC)cc1,PI471,2,0.3041782641829663,0.7159551,1.3753077702431824,1.4910257,0.11571791602085568
*c1cccc(P(=O)(c2ccccc2)c2cccc(-n3c(=O)c4c(-c5ccccc5)c5c(=O)n(*)c(=O)c5c(-c5ccccc5)c4c3=O)c2)c1,PI1059,4,-0.3179123619845905,-0.18905263,1.2004872942022793,1.2366996,0.03621228694396095
*C(=O)Oc1ccc(OC(=O)c2ccc3c(c2)C(=O)N(C2CCC(N4C(=O)c5ccc(*)cc5C4=O)CC2)C3=O)cc1,PI1088,1,0.4863164930799509,0.36572537,1.4264924217097703,1.3926039,-0.03388854750322734
*Oc1ccc(C2(c3ccc(OC(*)=O)cc3)CCCCC2)cc1,PI801,1,-0.0499499904887375,-0.11283253,1.275790324621736,1.2581191,-0.017671218329011307
*CC(*)c1ccc(C(=O)N2CCOCC2)cc1,PI159,2,0.1135907130082518,0.2797208,1.321748682511712,1.3684348,0.046686104284857866
